    24
     1   -0.450531    0.260114    0.000000       0.027778
     2   -0.225265    0.130057    0.000000       0.027778
     3    0.000000    0.000000    0.000000       0.027778
     4    0.225265   -0.130057    0.000000       0.027778
     5    0.450531   -0.260114    0.000000       0.027778
     6    0.675796   -0.390171    0.000000       0.027778
     7   -0.450531    0.520228    0.000000       0.055556
     8   -0.225265    0.390171    0.000000       0.055556
     9    0.000000    0.260114    0.000000       0.055556
    10    0.225265    0.130057    0.000000       0.055556
    11    0.450531   -0.000000    0.000000       0.055556
    12    0.675796   -0.130057    0.000000       0.055556
    13   -0.450531    0.780342    0.000000       0.055556
    14   -0.225265    0.650285    0.000000       0.055556
    15    0.000000    0.520228    0.000000       0.055556
    16    0.225265    0.390171    0.000000       0.055556
    17    0.450531    0.260114    0.000000       0.055556
    18    0.675796    0.130057    0.000000       0.055556
    19   -0.450531    1.040456    0.000000       0.027778
    20   -0.225265    0.910399    0.000000       0.027778
    21    0.000000    0.780342    0.000000       0.027778
    22    0.225265    0.650285    0.000000       0.027778
    23    0.450531    0.520228    0.000000       0.027778
    24    0.675796    0.390171    0.000000       0.027778
