              -1167.0654610455
          0.000186453      -0.000000000       0.000000000
         -0.000000000       0.000159401      -0.000004998
          0.000000000      -0.000004998       0.000249742
           6
  1    74       0.000000002       0.000452383       0.001506611  W
  1    74      -0.000000001       0.000452384       0.001506612  W
  2    16      -0.000000001       0.000451025       0.058282188  S
  2    16       0.000000001       0.000451025       0.058282187  S
  2    16      -0.000000000       0.001253582      -0.056960736  S
  2    16       0.000000001       0.001253583      -0.056960741  S
