    24
     1   -0.351843    0.000000    0.000000       0.027778
     2   -0.175922    0.000000    0.000000       0.027778
     3    0.000000    0.000000    0.000000       0.027778
     4    0.175922    0.000000    0.000000       0.027778
     5    0.351843    0.000000    0.000000       0.027778
     6    0.527765    0.000000    0.000000       0.027778
     7   -0.351843    0.101568    0.000000       0.055556
     8   -0.175922    0.101568    0.000000       0.055556
     9    0.000000    0.101568    0.000000       0.055556
    10    0.175922    0.101568    0.000000       0.055556
    11    0.351843    0.101568    0.000000       0.055556
    12    0.527765    0.101568    0.000000       0.055556
    13   -0.351843    0.203137    0.000000       0.055556
    14   -0.175922    0.203137    0.000000       0.055556
    15    0.000000    0.203137    0.000000       0.055556
    16    0.175922    0.203137    0.000000       0.055556
    17    0.351843    0.203137    0.000000       0.055556
    18    0.527765    0.203137    0.000000       0.055556
    19   -0.351843    0.304705    0.000000       0.027778
    20   -0.175922    0.304705    0.000000       0.027778
    21    0.000000    0.304705    0.000000       0.027778
    22    0.175922    0.304705    0.000000       0.027778
    23    0.351843    0.304705    0.000000       0.027778
    24    0.527765    0.304705    0.000000       0.027778
